0000000000000000000000000000000000000001
0000000000000000000000001110100000000001
0000000000000000000000000000000000000001
0000000000001000000000001110100000000001
0000000000000000000000000000000000000001
0000000000010000000000001110100000000001
0000000000000000000000000000000000000001
0000000000011000000000001110100000000001
1111111111110010000000000010000000000001
0000000000110001000010000010001001000001
0000000001010000000000001110001000000001
0000000001000001000010000010000000000001
0000000000110001000010000011010000000001
0000000001010010000000010010001000000001
0000000000111000000000001110001000000001
0000000000111000000000001100000000000001
0000000001001000000000001111001000000001
0000000000000111111111110010000000000001
0000000000100000000000001110001000000001
0000000000001111111111110010000000000001
0000000000101000000000001110001000000001
1111111111110010000000100010000000000001
0000000001101001000010000010001001000001
0000000010001000000000001110001000000001
0000000001111001000010000010000000000001
0000000001101001000010000011010000000001
0000000010001010000000110010001000000001
0000000001110000000000001110001000000001
0000000001110000000000001100000000000001
0000000010000000000000001111001000000001
0000000000010111111111110010000000000001
0000000001011000000000001110001000000001
0000000000011111111111110010000000000001
0000000001100000000000001110001000000001
0000000000100010000001000010000000000001
0000000000101010000001000100000000000001
0000000001011010000001010010001000000001
0000000001100010000001010100010000000001
0000000000000000000000000000000000000001
0000000010010000000000001110001000000001
0000000010011000000000001110010000000001
1111111111110010000001100010000000000001
0000000010100001000010000010001001000001
0000000011000000000000001110001000000001
0000000010110001000010000010000000000001
0000000010100001000010000011010000000001
0000000011000010000001110010001000000001
0000000010101000000000001110001000000001
0000000010101000000000001100000000000001
0000000010111000000000001111001000000001
0000000010010111111111110010000000000001
0000000011011000000000001110001000000001
0000000010011111111111110010000000000001
0000000011110000000000001110001000000001
0000000100000010000010110010000000000001
0000000011111010000011000010001000000001
0000000011011010000010000010001000000001
0000000011010010000010010010001000000001
0000000011001010000010100010001000000001
0000000100001000000000001110001000000001
0000000100011010000010110010000000000001
0000000100010010000011000010001000000001
0000000011110010000010000010001000000001
0000000011101010000010010010001000000001
0000000011100010000010100010001000000001
0000000100100000000000001110001000000001
0000000100110010000100000010000000000001
0000000100101010000100010010001000000001
0000000100001010000011010010001000000001
0000000100000010000011100010001000000001
0000000011111010000011110010001000000001
0000000100111000000000001110001000000001
0000000101001010000100000010000000000001
0000000101000010000100010010001000000001
0000000100100010000011010010001000000001
0000000100011010000011100010001000000001
0000000100010010000011110010001000000001
0000000101010000000000001110001000000001
0000000101100010000101010010000000000001
0000000101011010000101100010001000000001
0000000100111010000100100010001000000001
0000000100110010000100110010001000000001
0000000100101010000101000010001000000001
0000000101101000000000001110001000000001
0000000101111010000101010010000000000001
0000000101110010000101100010001000000001
0000000101010010000100100010001000000001
0000000101001010000100110010001000000001
0000000101000010000101000010001000000001
0000000110000000000000001110001000000001
0000000110010010000110100010000000000001
0000000110001010000110110010001000000001
0000000101101010000101110010001000000001
0000000101100010000110000010001000000001
0000000101011010000110010010001000000001
0000000110011000000000001110001000000001
0000000110101010000110100010000000000001
0000000110100010000110110010001000000001
0000000110000010000101110010001000000001
0000000101111010000110000010001000000001
0000000101110010000110010010001000000001
0000000110110000000000001110001000000001
0000000111000010000111110010000000000001
0000000110111010001000000010001000000001
0000000110011010000111000010001000000001
0000000110010010000111010010001000000001
0000000110001010000111100010001000000001
0000000111001000000000001110001000000001
0000000111011010000111110010000000000001
0000000111010010001000000010001000000001
0000000110110010000111000010001000000001
0000000110101010000111010010001000000001
0000000110100010000111100010001000000001
0000000111100000000000001110001000000001
0000000111110010001001000010000000000001
0000000111101010001001010010001000000001
0000000111001010001000010010001000000001
0000000111000010001000100010001000000001
0000000110111010001000110010001000000001
0000000111111000000000001110001000000001
0000001000001010001001000010000000000001
0000001000000010001001010010001000000001
0000000111100010001000010010001000000001
0000000111011010001000100010001000000001
0000000111010010001000110010001000000001
0000001000010000000000001110001000000001
0000001000100010001010010010000000000001
0000001000011010001010100010001000000001
0000000111111010001001100010001000000001
0000000111110010001001110010001000000001
0000000111101010001010000010001000000001
0000001000101000000000001110001000000001
0000001000111010001010010010000000000001
0000001000110010001010100010001000000001
0000001000010010001001100010001000000001
0000001000001010001001110010001000000001
0000001000000010001010000010001000000001
0000001001000000000000001110001000000001
0000001000101010001010110010000000000001
0000001001000010001010110010001000000001
0000000000000000000000000000000000000001
0000001100000000000000001110001000000001
0000001001000001000010000010000000000001
0000000000000000000000000000000000000001
0000001010100000000000001111000000000001
1111111111101001000010000010001000000001
0000001010011000000000001111001000000001
0000001010001001000010000010000000000001
0000001010001010001110000010001001000001
0000001010011010001110000010001000000001
0000001001111001000010000011010000000001
0000001001111010001110000010001001000001
0000001010100010001110000010001000000001
0000000000000000000000000000000000000001
0000001010000000000000001110001000000001
0000001010010000000000001111001000000001
0000001010101000000000001110001000000001
1111111111110010001101000100000000000001
0000001010101001000010000010000000001001
0000001010101010001011000010000000000001
1111111111110010001011010010001000000001
0000001001001000000000001110001000000001
0000001010101010001011100010000000000001
1111111111110010001011110010001000000001
0000001001001000000000001110001000100011
1111111111110010001101010100000000000001
0000001010101001000010000010000000001001
0000001010101010001100000010000000000001
1111111111110010001100010010001000000001
0000001001001000000000001110001000100011
1111111111110010001101100100000000000001
0000001010101001000010000010000000001001
0000001010101010001100100010000000000001
1111111111110010001100110010001000000001
0000001001001000000000001110001000100011
0000000000000000000000000000000000000001
0000001001001000000000001100000000000001
0000001010101111111111110010000001000001
1111111111110001000001110010001000000001
0000001001001000000000001110001000000001
0000001001001111111111110010000000000001
0000001001001000000000001110001000000001
0000001001001000000000001100000000000001
0000001010101111111111110010000001000001
1111111111110001000001110010001000000001
0000001001001000000000001110001000000001
0000001001001111111111110010000000000001
0000001001001000000000001110001000000001
0000001001001000000000001100000000000001
0000001010101111111111110010000001000001
1111111111110001000001110010001000000001
0000001001001000000000001110001000000001
0000001001001111111111110010000000000001
0000001001001000000000001110001000000001
0000001001001000000000001100000000000001
0000000000000010001101111010000000000001
1111111111100111111111110010000000000001
0000001001110000000000001110001000000001
0000000000000000000000000000000000000001
0000001001110001000010000100000000000001
1111111111110001000010000010000000001001
0000000000000000000000000000000000000001
0000001001110000000000001110001000100011
0000000000000000000000000000000000000001
0000001001110001000010000100000000000001
0000001001101001000010000010000000001001
0000001001110010001110010010000000000001
0000001001101010001110010010001001000001
0000001001101001000010000010001000000001
0000001001110000000000001110001000100011
0000000000000000000000000000000000000001
0000001001110001000010000010000000000001
0000001001100000000000001110001000000001
1111111111110010001110100010001001001001
1111111111110001000010000010000000000001
1111111111101001000010000010000000100101
0000001001011000000000001110001000000001
0000001001110000000000001100000000000001
0000001001000111111111110010000000000001
0000001001010000000000001110001000000001
0000001000101001000010000010000000000001
0000000000000000000000000000000000000001
0000001010100000000000001111000000000001
1111111111101001000010000010001000000001
0000001010011000000000001111001000000001
0000001011101001000010000010000000000001
0000001011101010010001110010001001000001
0000001010011010010001110010001000000001
0000001011011001000010000011010000000001
0000001011011010010001110010001001000001
0000001010100010010001110010001000000001
0000000000000000000000000000000000000001
0000001011100000000000001110001000000001
0000001011110000000000001111001000000001
0000001010101000000000001110001000000001
1111111111110010010000110100000000000001
0000001010101001000010000010000000001001
0000001010101010001110110010000000000001
1111111111110010001111000010001000000001
0000001001001000000000001110001000000001
0000001010101010001111010010000000000001
1111111111110010001111100010001000000001
0000001001001000000000001110001000100011
1111111111110010010001000100000000000001
0000001010101001000010000010000000001001
0000001010101010001111110010000000000001
1111111111110010010000000010001000000001
0000001001001000000000001110001000100011
1111111111110010010001010100000000000001
0000001010101001000010000010000000001001
0000001010101010010000010010000000000001
1111111111110010010000100010001000000001
0000001001001000000000001110001000100011
0000000000000000000000000000000000000001
0000001001001000000000001100000000000001
0000001010101111111111110010000001000001
1111111111110001000001110010001000000001
0000001001001000000000001110001000000001
0000001001001111111111110010000000000001
0000001001001000000000001110001000000001
0000001001001000000000001100000000000001
0000001010101111111111110010000001000001
1111111111110001000001110010001000000001
0000001001001000000000001110001000000001
0000001001001111111111110010000000000001
0000001001001000000000001110001000000001
0000001001001000000000001100000000000001
0000001010101111111111110010000001000001
1111111111110001000001110010001000000001
0000001001001000000000001110001000000001
0000001001001111111111110010000000000001
0000001001001000000000001110001000000001
0000001001001000000000001100000000000001
0000000000000010010001101010000000000001
1111111111100111111111110010000000000001
0000001011010000000000001110001000000001
0000000000000000000000000000000000000001
0000001011010001000010000100000000000001
1111111111110001000010000010000000001001
0000000000000000000000000000000000000001
0000001011010000000000001110001000100011
0000000000000000000000000000000000000001
0000001011010001000010000100000000000001
0000001011001001000010000010000000001001
0000001011010010010010000010000000000001
0000001011001010010010000010001001000001
0000001011001001000010000010001000000001
0000001011010000000000001110001000100011
0000000000000000000000000000000000000001
0000001011010001000010000010000000000001
0000001011000000000000001110001000000001
1111111111110010010010010010001001001001
1111111111110001000010000010000000000001
1111111111101001000010000010000000100101
0000001010111000000000001110001000000001
0000001011010000000000001100000000000001
0000001000101111111111110010000000000001
0000001010110000000000001110001000000001
0000001000101001000010000010000000000001
1111111100111000000000000000001000000001
0000001001000001000010000010000000000001
1111111101000000000000000000001000000001
0000001010110001000010000010000000000001
1111111101101000000000000000001000000001
0000001001010001000010000010000000000001
1111111101110000000000000000001000000001
0000001100000001000010000010000000000001
1111111110000000000000000000001000000001
0000001100011010010011000010000000000001
0000001100001010010011000011010000000001
0000001100000010010010100010001000000001
0000001011111010010010110010001000000001
0000000000000000000000000000000000000001
0000001100010000000000001110001000000001
0000001100100000000000001111001000000001
1111111111110010010011010010000000000001
0000001100110001000010000010001001000001
0000001101010000000000001110001000000001
0000001101000001000010000010000000000001
0000001100110001000010000011010000000001
0000001101010010010011100010001000000001
0000001100111000000000001110001000000001
0000001100111000000000001100000000000001
0000001101001000000000001111001000000001
0000001100010111111111110010000000000001
0000001100101000000000001110001000000001
0000001100101001000010000010000000000001
0000000000000000000000000000000000000001
0000001010100000000000001111000000000001
1111111111101001000010000010001000000001
0000001010011000000000001111001000000001
0000001110010001000010000010000000000001
0000001110010010010110110010001001000001
0000001010011010010110110010001000000001
0000001110000001000010000011010000000001
0000001110000010010110110010001001000001
0000001010100010010110110010001000000001
0000000000000000000000000000000000000001
0000001110001000000000001110001000000001
0000001110011000000000001111001000000001
0000001010101000000000001110001000000001
1111111111110010010101110100000000000001
0000001010101001000010000010000000001001
0000001010101010010011110010000000000001
1111111111110010010100000010001000000001
0000001001001000000000001110001000000001
0000001010101010010100010010000000000001
1111111111110010010100100010001000000001
0000001001001000000000001110001000100011
1111111111110010010110000100000000000001
0000001010101001000010000010000000001001
0000001010101010010100110010000000000001
1111111111110010010101000010001000000001
0000001001001000000000001110001000100011
1111111111110010010110010100000000000001
0000001010101001000010000010000000001001
0000001010101010010101010010000000000001
1111111111110010010101100010001000000001
0000001001001000000000001110001000100011
0000000000000000000000000000000000000001
0000001001001000000000001100000000000001
0000001010101111111111110010000001000001
1111111111110001000001110010001000000001
0000001001001000000000001110001000000001
0000001001001111111111110010000000000001
0000001001001000000000001110001000000001
0000001001001000000000001100000000000001
0000001010101111111111110010000001000001
1111111111110001000001110010001000000001
0000001001001000000000001110001000000001
0000001001001111111111110010000000000001
0000001001001000000000001110001000000001
0000001001001000000000001100000000000001
0000001010101111111111110010000001000001
1111111111110001000001110010001000000001
0000001001001000000000001110001000000001
0000001001001111111111110010000000000001
0000001001001000000000001110001000000001
0000001001001000000000001100000000000001
0000000000000010010110101010000000000001
1111111111100111111111110010000000000001
0000001101111000000000001110001000000001
0000000000000000000000000000000000000001
0000001101111001000010000100000000000001
1111111111110001000010000010000000001001
0000000000000000000000000000000000000001
0000001101111000000000001110001000100011
0000000000000000000000000000000000000001
0000001101111001000010000100000000000001
0000001101110001000010000010000000001001
0000001101111010010111000010000000000001
0000001101110010010111000010001001000001
0000001101110001000010000010001000000001
0000001101111000000000001110001000100011
0000000000000000000000000000000000000001
0000001101111001000010000010000000000001
0000001101101000000000001110001000000001
1111111111110010010111010010001001001001
1111111111110001000010000010000000000001
1111111111101001000010000010000000100101
0000001101100000000000001110001000000001
0000001101111000000000001100000000000001
0000001100101111111111110010000000000001
0000001101011000000000001110001000000001
0000001101011001000010000010000000000001
1111111101111000000000000000001000000001
0000000000000000000000000000000000000001
0000000000000000000000000000000000000001
0000000000000000000000000000000000000001
0000000000000000000000000000000000000001
0000000000000000000000000000000000000001
0000000000000000000000000000000000000001
0000000000000000000000000000000000000001
0000000000000000000000000000000000000001
0000000000000000000000000000000000000001
0000000000000000000000000000000000000001
0000000000000000000000000000000000000001
0000000000000000000000000000000000000001
0000000000000000000000000000000000000001
0000000000000000000000000000000000000001
0000000000000000000000000000000000000001
0000000000000000000000000000000000000001
0000000000000000000000000000000000000001
0000000000000000000000000000000000000001
0000000000000000000000000000000000000001
0000000000000000000000000000000000000001
0000000000000000000000000000000000000001
0000000000000000000000000000000000000001
0000000000000000000000000000000000000001
0000000000000000000000000000000000000001
0000000000000000000000000000000000000001
0000000000000000000000000000000000000001
0000000000000000000000000000000000000001
0000000000000000000000000000000000000001
0000000000000000000000000000000000000001
0000000000000000000000000000000000000001
0000000000000000000000000000000000000001
0000000000000000000000000000000000000001
0000000000000000000000000000000000000001
0000000000000000000000000000000000000001
0000000000000000000000000000000000000001
0000000000000000000000000000000000000001
0000000000000000000000000000000000000001
0000000000000000000000000000000000000001
0000000000000000000000000000000000000001
0000000000000000000000000000000000000001
0000000000000000000000000000000000000001
0000000000000000000000000000000000000001
0000000000000000000000000000000000000001
0000000000000000000000000000000000000001
0000000000000000000000000000000000000001
0000000000000000000000000000000000000001
0000000000000000000000000000000000000001
0000000000000000000000000000000000000001
0000000000000000000000000000000000000001
0000000000000000000000000000000000000001
0000000000000000000000000000000000000001
0000000000000000000000000000000000000001
0000000000000000000000000000000000000001
0000000000000000000000000000000000000001
0000000000000000000000000000000000000001
0000000000000000000000000000000000000001
0000000000000000000000000000000000000001
0000000000000000000000000000000000000001
0000000000000000000000000000000000000001
0000000000000000000000000000000000000001
0000000000000000000000000000000000000001
0000000000000000000000000000000000000001
0000000000000000000000000000000000000001
0000000000000000000000000000000000000001
0000000000000000000000000000000000000001
0000000000000000000000000000000000000001
0000000000000000000000000000000000000001
0000000000000000000000000000000000000001
0000000000000000000000000000000000000001
0000000000000000000000000000000000000001
0000000000000000000000000000000000000001
0000000000000000000000000000000000000001
0000000000000000000000000000000000000001
0000000000000000000000000000000000000001
0000000000000000000000000000000000000001
0000000000000000000000000000000000000001
0000000000000000000000000000000000000001
0000000000000000000000000000000000000001
0000000000000000000000000000000000000001
0000000000000000000000000000000000000001
0000000000000000000000000000000000000001
0000000000000000000000000000000000000001
0000000000000000000000000000000000000001
0000000000000000000000000000000000000001
0000000000000000000000000000000000000001
0000000000000000000000000000000000000001
0000000000000000000000000000000000000001
0000000000000000000000000000000000000001
0000000000000000000000000000000000000001
0000000000000000000000000000000000000001
0000000000000000000000000000000000000001
0000000000000000000000000000000000000001
0000000000000000000000000000000000000001
0000000000000000000000000000000000000001
0000000000000000000000000000000000000001
0000000000000000000000000000000000000001
0000000000000000000000000000000000000001
0000000000000000000000000000000000000001
0000000000000000000000000000000000000001
0000000000000000000000000000000000000001
0000000000000000000000000000000000000001
0000000000000000000000000000000000000001
0000000000000000000000000000000000000001
0000000000000000000000000000000000000001
0000000000000000000000000000000000000001
0000000000000000000000000000000000000001
0000000000000000000000000000000000000001
0000000000000000000000000000000000000001
0000000000000000000000000000000000000001
0000000000000000000000000000000000000001
0000000000000000000000000000000000000001
0000000000000000000000000000000000000001
0000000000000000000000000000000000000001
0000000000000000000000000000000000000001
0000000000000000000000000000000000000001
0000000000000000000000000000000000000001
0000000000000000000000000000000000000001
0000000000000000000000000000000000000001
0000000000000000000000000000000000000001
0000000000000000000000000000000000000001
0000000000000000000000000000000000000001
0000000000000000000000000000000000000001
0000000000000000000000000000000000000001
0000000000000000000000000000000000000001
0000000000000000000000000000000000000001
0000000000000000000000000000000000000001
0000000000000000000000000000000000000001
0000000000000000000000000000000000000001
0000000000000000000000000000000000000001
0000000000000000000000000000000000000001
0000000000000000000000000000000000000001
0000000000000000000000000000000000000001
0000000000000000000000000000000000000001
0000000000000000000000000000000000000001
0000000000000000000000000000000000000001
0000000000000000000000000000000000000001
0000000000000000000000000000000000000001
0000000000000000000000000000000000000001
0000000000000000000000000000000000000001
0000000000000000000000000000000000000001
0000000000000000000000000000000000000001
0000000000000000000000000000000000000001
0000000000000000000000000000000000000001
0000000000000000000000000000000000000001
0000000000000000000000000000000000000001
0000000000000000000000000000000000000001
0000000000000000000000000000000000000001
0000000000000000000000000000000000000001
0000000000000000000000000000000000000001
0000000000000000000000000000000000000001
0000000000000000000000000000000000000001
0000000000000000000000000000000000000001
0000000000000000000000000000000000000001
0000000000000000000000000000000000000001
0000000000000000000000000000000000000001
0000000000000000000000000000000000000001
0000000000000000000000000000000000000001
0000000000000000000000000000000000000001
0000000000000000000000000000000000000001
0000000000000000000000000000000000000001
0000000000000000000000000000000000000001
0000000000000000000000000000000000000001
0000000000000000000000000000000000000001
0000000000000000000000000000000000000001
0000000000000000000000000000000000000001
0000000000000000000000000000000000000001
0000000000000000000000000000000000000001
0000000000000000000000000000000000000001
0000000000000000000000000000000000000001
0000000000000000000000000000000000000001
0000000000000000000000000000000000000001
0000000000000000000000000000000000000001
0000000000000000000000000000000000000001
0000000000000000000000000000000000000001
0000000000000000000000000000000000000001
0000000000000000000000000000000000000001
0000000000000000000000000000000000000001
0000000000000000000000000000000000000001
0000000000000000000000000000000000000001
0000000000000000000000000000000000000001
0000000000000000000000000000000000000001
0000000000000000000000000000000000000001
0000000000000000000000000000000000000001
0000000000000000000000000000000000000001
0000000000000000000000000000000000000001
0000000000000000000000000000000000000001
0000000000000000000000000000000000000001
0000000000000000000000000000000000000001
0000000000000000000000000000000000000001
0000000000000000000000000000000000000001
0000000000000000000000000000000000000001
0000000000000000000000000000000000000001
0000000000000000000000000000000000000001
0000000000000000000000000000000000000001
0000000000000000000000000000000000000001
0000000000000000000000000000000000000001
0000000000000000000000000000000000000001
0000000000000000000000000000000000000001
0000000000000000000000000000000000000001
0000000000000000000000000000000000000001
0000000000000000000000000000000000000001
0000000000000000000000000000000000000001
0000000000000000000000000000000000000001
0000000000000000000000000000000000000001
0000000000000000000000000000000000000001
0000000000000000000000000000000000000001
0000000000000000000000000000000000000001
0000000000000000000000000000000000000001
0000000000000000000000000000000000000001
0000000000000000000000000000000000000001
0000000000000000000000000000000000000001
0000000000000000000000000000000000000001
0000000000000000000000000000000000000001
0000000000000000000000000000000000000001
0000000000000000000000000000000000000001
0000000000000000000000000000000000000001
0000000000000000000000000000000000000001
0000000000000000000000000000000000000001
0000000000000000000000000000000000000001
0000000000000000000000000000000000000001
0000000000000000000000000000000000000001
0000000000000000000000000000000000000001
0000000000000000000000000000000000000001
0000000000000000000000000000000000000001
0000000000000000000000000000000000000001
0000000000000000000000000000000000000001
0000000000000000000000000000000000000001
0000000000000000000000000000000000000001
0000000000000000000000000000000000000001
0000000000000000000000000000000000000001
0000000000000000000000000000000000000001
0000000000000000000000000000000000000001
0000000000000000000000000000000000000001
0000000000000000000000000000000000000001
0000000000000000000000000000000000000001
0000000000000000000000000000000000000001
0000000000000000000000000000000000000001
0000000000000000000000000000000000000001
0000000000000000000000000000000000000001
0000000000000000000000000000000000000001
0000000000000000000000000000000000000001
0000000000000000000000000000000000000001
0000000000000000000000000000000000000001
0000000000000000000000000000000000000001
0000000000000000000000000000000000000001
0000000000000000000000000000000000000001
0000000000000000000000000000000000000001
0000000000000000000000000000000000000001
0000000000000000000000000000000000000001
0000000000000000000000000000000000000001
0000000000000000000000000000000000000001
0000000000000000000000000000000000000001
0000000000000000000000000000000000000001
0000000000000000000000000000000000000001
0000000000000000000000000000000000000001
0000000000000000000000000000000000000001
0000000000000000000000000000000000000001
0000000000000000000000000000000000000001
0000000000000000000000000000000000000001
0000000000000000000000000000000000000001
0000000000000000000000000000000000000001
0000000000000000000000000000000000000001
0000000000000000000000000000000000000001
0000000000000000000000000000000000000001
0000000000000000000000000000000000000001
0000000000000000000000000000000000000001
0000000000000000000000000000000000000001
0000000000000000000000000000000000000001
0000000000000000000000000000000000000001
0000000000000000000000000000000000000001
0000000000000000000000000000000000000001
0000000000000000000000000000000000000001
0000000000000000000000000000000000000001
0000000000000000000000000000000000000001
0000000000000000000000000000000000000001
0000000000000000000000000000000000000001
0000000000000000000000000000000000000001
0000000000000000000000000000000000000001
0000000000000000000000000000000000000001
0000000000000000000000000000000000000001
0000000000000000000000000000000000000001
0000000000000000000000000000000000000001
0000000000000000000000000000000000000001
0000000000000000000000000000000000000001
0000000000000000000000000000000000000001
0000000000000000000000000000000000000001
0000000000000000000000000000000000000001
0000000000000000000000000000000000000001
0000000000000000000000000000000000000001
0000000000000000000000000000000000000001
0000000000000000000000000000000000000001
0000000000000000000000000000000000000001
0000000000000000000000000000000000000001
0000000000000000000000000000000000000001
0000000000000000000000000000000000000001
0000000000000000000000000000000000000001
0000000000000000000000000000000000000001
0000000000000000000000000000000000000001
0000000000000000000000000000000000000001
0000000000000000000000000000000000000001
0000000000000000000000000000000000000001
0000000000000000000000000000000000000001
0000000000000000000000000000000000000001
0000000000000000000000000000000000000001
0000000000000000000000000000000000000001
0000000000000000000000000000000000000001
0000000000000000000000000000000000000001
0000000000000000000000000000000000000001
0000000000000000000000000000000000000001
0000000000000000000000000000000000000001
0000000000000000000000000000000000000001
0000000000000000000000000000000000000001
0000000000000000000000000000000000000001
0000000000000000000000000000000000000001
0000000000000000000000000000000000000001
0000000000000000000000000000000000000001
0000000000000000000000000000000000000001
0000000000000000000000000000000000000001
0000000000000000000000000000000000000001
0000000000000000000000000000000000000001
0000000000000000000000000000000000000001
0000000000000000000000000000000000000001
0000000000000000000000000000000000000001
0000000000000000000000000000000000000001
0000000000000000000000000000000000000001
0000000000000000000000000000000000000001
0000000000000000000000000000000000000001
0000000000000000000000000000000000000001
0000000000000000000000000000000000000001
0000000000000000000000000000000000000001
0000000000000000000000000000000000000001
0000000000000000000000000000000000000001
0000000000000000000000000000000000000001
0000000000000000000000000000000000000001
0000000000000000000000000000000000000001
0000000000000000000000000000000000000001
0000000000000000000000000000000000000001
0000000000000000000000000000000000000001
0000000000000000000000000000000000000001
0000000000000000000000000000000000000001
0000000000000000000000000000000000000001
0000000000000000000000000000000000000001
0000000000000000000000000000000000000001
0000000000000000000000000000000000000001
0000000000000000000000000000000000000001
0000000000000000000000000000000000000001
0000000000000000000000000000000000000001
0000000000000000000000000000000000000001
0000000000000000000000000000000000000001
0000000000000000000000000000000000000001
0000000000000000000000000000000000000001
0000000000000000000000000000000000000001
0000000000000000000000000000000000000001
0000000000000000000000000000000000000001
0000000000000000000000000000000000000001
0000000000000000000000000000000000000001
0000000000000000000000000000000000000001
0000000000000000000000000000000000000001
0000000000000000000000000000000000000001
0000000000000000000000000000000000000001
0000000000000000000000000000000000000001
0000000000000000000000000000000000000001
0000000000000000000000000000000000000001
0000000000000000000000000000000000000001
0000000000000000000000000000000000000001
0000000000000000000000000000000000000001
0000000000000000000000000000000000000001
0000000000000000000000000000000000000001
0000000000000000000000000000000000000001
0000000000000000000000000000000000000001
0000000000000000000000000000000000000001
0000000000000000000000000000000000000001
0000000000000000000000000000000000000001
0000000000000000000000000000000000000001
0000000000000000000000000000000000000001
0000000000000000000000000000000000000001
0000000000000000000000000000000000000001
0000000000000000000000000000000000000001
0000000000000000000000000000000000000001
0000000000000000000000000000000000000001
0000000000000000000000000000000000000001
0000000000000000000000000000000000000001
0000000000000000000000000000000000000001
0000000000000000000000000000000000000001
0000000000000000000000000000000000000001
0000000000000000000000000000000000000001
0000000000000000000000000000000000000001
0000000000000000000000000000000000000001
0000000000000000000000000000000000000001
0000000000000000000000000000000000000001
0000000000000000000000000000000000000001
0000000000000000000000000000000000000001
0000000000000000000000000000000000000001
0000000000000000000000000000000000000001
0000000000000000000000000000000000000001
0000000000000000000000000000000000000001
0000000000000000000000000000000000000001
0000000000000000000000000000000000000001
0000000000000000000000000000000000000001
0000000000000000000000000000000000000001
0000000000000000000000000000000000000001
0000000000000000000000000000000000000001
0000000000000000000000000000000000000001
0000000000000000000000000000000000000001
0000000000000000000000000000000000000001
0000000000000000000000000000000000000001
0000000000000000000000000000000000000001
0000000000000000000000000000000000000001
0000000000000000000000000000000000000001
0000000000000000000000000000000000000001
0000000000000000000000000000000000000001
0000000000000000000000000000000000000001
0000000000000000000000000000000000000001
0000000000000000000000000000000000000001
0000000000000000000000000000000000000001
0000000000000000000000000000000000000001
0000000000000000000000000000000000000001
0000000000000000000000000000000000000001
0000000000000000000000000000000000000001
0000000000000000000000000000000000000001
0000000000000000000000000000000000000001
0000000000000000000000000000000000000001
0000000000000000000000000000000000000001
0000000000000000000000000000000000000001
0000000000000000000000000000000000000001
0000000000000000000000000000000000000001
0000000000000000000000000000000000000001
0000000000000000000000000000000000000001
0000000000000000000000000000000000000001
0000000000000000000000000000000000000001
0000000000000000000000000000000000000001
0000000000000000000000000000000000000001
0000000000000000000000000000000000000001
0000000000000000000000000000000000000001
0000000000000000000000000000000000000001
0000000000000000000000000000000000000001
0000000000000000000000000000000000000001
0000000000000000000000000000000000000001
0000000000000000000000000000000000000001
0000000000000000000000000000000000000001
0000000000000000000000000000000000000001
0000000000000000000000000000000000000001
0000000000000000000000000000000000000001
0000000000000000000000000000000000000001
0000000000000000000000000000000000000001
0000000000000000000000000000000000000001
0000000000000000000000000000000000000001
0000000000000000000000000000000000000001
0000000000000000000000000000000000000001
0000000000000000000000000000000000000001
0000000000000000000000000000000000000001
0000000000000000000000000000000000000001
0000000000000000000000000000000000000001
0000000000000000000000000000000000000001
0000000000000000000000000000000000000001
0000000000000000000000000000000000000001
0000000000000000000000000000000000000001
0000000000000000000000000000000000000001
0000000000000000000000000000000000000001
0000000000000000000000000000000000000001
0000000000000000000000000000000000000001
0000000000000000000000000000000000000001
0000000000000000000000000000000000000001
0000000000000000000000000000000000000001
0000000000000000000000000000000000000001
0000000000000000000000000000000000000001
0000000000000000000000000000000000000001
0000000000000000000000000000000000000001
0000000000000000000000000000000000000001
0000000000000000000000000000000000000001
0000000000000000000000000000000000000001
0000000000000000000000000000000000000001
0000000000000000000000000000000000000001
0000000000000000000000000000000000000001
0000000000000000000000000000000000000001
0000000000000000000000000000000000000001
0000000000000000000000000000000000000001
0000000000000000000000000000000000000001
0000000000000000000000000000000000000001
0000000000000000000000000000000000000001
0000000000000000000000000000000000000001
0000000000000000000000000000000000000001
0000000000000000000000000000000000000001
0000000000000000000000000000000000000001
0000000000000000000000000000000000000001
0000000000000000000000000000000000000001
0000000000000000000000000000000000000001
0000000000000000000000000000000000000001
0000000000000000000000000000000000000001
0000000000000000000000000000000000000001
0000000000000000000000000000000000000001
0000000000000000000000000000000000000001
0000000000000000000000000000000000000001
0000000000000000000000000000000000000001
0000000000000000000000000000000000000001
0000000000000000000000000000000000000001
0000000000000000000000000000000000000001
0000000000000000000000000000000000000001
0000000000000000000000000000000000000001
0000000000000000000000000000000000000001
0000000000000000000000000000000000000001
0000000000000000000000000000000000000001
0000000000000000000000000000000000000001
0000000000000000000000000000000000000001
0000000000000000000000000000000000000001
0000000000000000000000000000000000000001
0000000000000000000000000000000000000001
0000000000000000000000000000000000000001
0000000000000000000000000000000000000001
0000000000000000000000000000000000000001
0000000000000000000000000000000000000001
0000000000000000000000000000000000000001
0000000000000000000000000000000000000001
0000000000000000000000000000000000000001
0000000000000000000000000000000000000001
0000000000000000000000000000000000000001
0000000000000000000000000000000000000001
0000000000000000000000000000000000000001
0000000000000000000000000000000000000001
0000000000000000000000000000000000000001
0000000000000000000000000000000000000001
0000000000000000000000000000000000000001
0000000000000000000000000000000000000001
0000000000000000000000000000000000000001
0000000000000000000000000000000000000001
0000000000000000000000000000000000000001
0000000000000000000000000000000000000001
0000000000000000000000000000000000000001
0000000000000000000000000000000000000001
0000000000000000000000000000000000000001
0000000000000000000000000000000000000001
0000000000000000000000000000000000000001
0000000000000000000000000000000000000001
0000000000000000000000000000000000000001
0000000000000000000000000000000000000001
0000000000000000000000000000000000000001
0000000000000000000000000000000000000001
0000000000000000000000000000000000000001
0000000000000000000000000000000000000001
0000000000000000000000000000000000000001
0000000000000000000000000000000000000001
0000000000000000000000000000000000000001
0000000000000000000000000000000000000001
0000000000000000000000000000000000000001
0000000000000000000000000000000000000001
0000000000000000000000000000000000000001
0000000000000000000000000000000000000001
0000000000000000000000000000000000000001
0000000000000000000000000000000000000001
0000000000000000000000000000000000000001
0000000000000000000000000000000000000001
0000000000000000000000000000000000000001
0000000000000000000000000000000000000001
0000000000000000000000000000000000000001
0000000000000000000000000000000000000001
0000000000000000000000000000000000000001
0000000000000000000000000000000000000001
0000000000000000000000000000000000000001
0000000000000000000000000000000000000001
0000000000000000000000000000000000000001
0000000000000000000000000000000000000001
0000000000000000000000000000000000000001
0000000000000000000000000000000000000001
0000000000000000000000000000000000000001
0000000000000000000000000000000000000001
0000000000000000000000000000000000000001
0000000000000000000000000000000000000001
0000000000000000000000000000000000000001
0000000000000000000000000000000000000001
0000000000000000000000000000000000000001
0000000000000000000000000000000000000001
0000000000000000000000000000000000000001
0000000000000000000000000000000000000001
0000000000000000000000000000000000000001
0000000000000000000000000000000000000001
0000000000000000000000000000000000000001
0000000000000000000000000000000000000001
0000000000000000000000000000000000000001
0000000000000000000000000000000000000001
0000000000000000000000000000000000000001
0000000000000000000000000000000000000001
0000000000000000000000000000000000000001
0000000000000000000000000000000000000001
0000000000000000000000000000000000000001
0000000000000000000000000000000000000001
0000000000000000000000000000000000000001
0000000000000000000000000000000000000001
0000000000000000000000000000000000000001
0000000000000000000000000000000000000001
0000000000000000000000000000000000000001
0000000000000000000000000000000000000001
0000000000000000000000000000000000000001
0000000000000000000000000000000000000001
0000000000000000000000000000000000000001
0000000000000000000000000000000000000001
0000000000000000000000000000000000000001
0000000000000000000000000000000000000001
0000000000000000000000000000000000000001
0000000000000000000000000000000000000001
0000000000000000000000000000000000000001
0000000000000000000000000000000000000001
0000000000000000000000000000000000000001
0000000000000000000000000000000000000001
0000000000000000000000000000000000000001
0000000000000000000000000000000000000001
0000000000000000000000000000000000000001
0000000000000000000000000000000000000001
0000000000000000000000000000000000000001
0000000000000000000000000000000000000001
0000000000000000000000000000000000000001
0000000000000000000000000000000000000001
0000000000000000000000000000000000000001
0000000000000000000000000000000000000001
0000000000000000000000000000000000000001
0000000000000000000000000000000000000001
0000000000000000000000000000000000000001
0000000000000000000000000000000000000001
0000000000000000000000000000000000000001
